7809
8216
8110
7737
6796
6965
7164
6565
6579
7529
6956
6750
7508
8613
7510
7279
7618
6213
6652
7551
7035
7556
7544
6705
6533
5874
6318
6766
7693
7795
6948
7758
8008
7074
7361
8531
8729
9451
8561
8813
9412
9166
8057
8448
8540
8603
8357
8270
8331
9156
8082
7606
8221
8392
7473
7606
7505
7286
7256
7632
7118
7421
8015
7681
7701
8547
8345
9277
8613
10176
8907
8578
8440
7965
8738
8154
6757
6986
6794
7408
6475
7304
8332
7094
8099
8991
8627
9352
8679
8885
8697
8727
8493
8353
8758
7704
8399
7943
7482
9709
7106
6660
7788
8581
8928
7410
7712
8391
8948
9786
10503
11386
11304
11363
11144
10651
10530
11224
11821
11283
9993
11262
10342
9612
9516
10326
9565
9160
7795
7527
8323
8096
7825
7914
7320
7798
7455
6181
6679
6682
7498
7915
8136
8389
8615
8900
8965
8342
8626
8969
8973
8705
9031
8853
8943
8671
8726
8286
8863
8394
8233
8250
9052
8167
8437
7924
7393
7544
7554
8294
7995
8036
8092
7851
7781
7578
7460
7741
7440
6907
6705
6580
6990
6637
6188
5616
5979
6682
6192
6837
7939
7270
7410
7410
8143
7001
7183
8066
7238
6466
6478
7526
6786
7032
7226
5802
5099
5663
5614
5995
5416
5295
5980
6037
5692
6034
6679
6765
6033
5313
6003
6039
5880
5785
4928
4900
4902
5176
4568
5449
5054
5406
5208
5226
5558
5608
5853
5365
5325
5453
5161
6363
5761
5868
4923
5550
7104
7088
7727
5654
6354
6139
7223
7397
7989
6664
7367
7241
8105
7692
7703
8221
8246
7232
8158
7627
7871
7534
7395
7024
7486
7234
6463
6573
6603
6576
6127
5421
5445
5726
6496
6143
6089
7406
7277
7288
6964
5941
6863
7223
7100
7732
7853
7445
6943
7024
6418
6973
6678
7592
7670
7493
7324
7476
7040
7514
8037
8214
8333
7882
7865
7779
7367
7436
6856
6680
7060
6810
5774
6486
5559
5546
5146
5698
6208
6457
6855
7432
6873
6580
7694
7354
7833
7161
7473
7087
7149
7944
8640
8605
7892
8109
7723
9158
9023
8521
7749
7566
6983
7058
6613
7560
7860
7381
7618
8292
8943
8140
7937
8128
8366
8229
8237
7422
7486
7251
7436
7292
7624
7469
7628
8765
7632
8617
10765
10399
9204
8517
8098
7983
8165
8147
8136
8275
7632
6867
6508
6100
6021
6776
6193
5790
5738
6381
5671
5757
6753
7318
6201
6851
6642
8004
7592
7010
6713
7448
7646
8028
8498
8663
8032
8169
8761
8420
8385
7812
8154
8435
7679
7386
7349
7248
7183
6895
7022
6137
5963
6361
6513
7224
5576
5739
5463
6594
7068
7000
6150
5883
6479
7268
7631
7209
7426
8138
7835
8182
8914
7835
7859
7875
7244
7543
7872
7044
6493
6233
6758
6541
6740
7321
7291
7167
6912
6951
7469
7349
6533
6710
6460
5796
6352
6200
7522
7091
6539
6520
6381
6860
6838
6580
7508
6909
5591
6630
6260
6077
6415
5908
6907
6797
5763
5896
6007
5406
5299
5857
5329
5737
5244
5269
5461
5206
5064
5272
6167
6169
5893
5418
5755
6083
5742
5888
5694
6349
6718
6121
6676
6861
7075
7711
6852
7058
6035
7087
6444
8117
5858
5128
4720
5472
5556
5611
5919
6004
6267
6662
7404
8019
7839
8492
7149
7382
7515
7345
7172
7104
7049
7492
7036
6465
6129
6498
5720
6051
6003
6681
6947
6701
6725
7334
7742
8051
8116
9596
8010
7919
7336
7571
7069
7517
7082
7528
7221
6882
7325
6615
5162
5423
5824
5966
6563
5697
7263
6757
7692
7301
6664
7652
7614
7121
7577
7424
8134
7504
7263
7472
7446
6748
6977
7139
6640
6827
5989
5868
6284
7282
5637
6801
7619
7901
8392
8137
7600
7391
8279
7965
7811
7538
6830
6652
6864
6754
6736
6527
7233
6969
7896
8971
8319
9101
8663
8922
9194
9010
9413
8681
8486
9033
8654
8328
8114
8489
8372
7550
7450
8735
8486
7070
7367
6825
5878
5689
5881
7647
7523
7776
8211
8633
8370
9082
9203
9697
10042
9780
9708
8976
9585
9757
9115
9761
10083
9177
8960
8022
8194
8477
7849
7081
7977
7901
7450
7875
8778
8086
7779
7699
8184
8391
7460
7444
7586
7315
7419
7163
7193
7626
8090
6731
6453
5812
6748
6200
7061
6228
7412
8228
8422
7124
7391
8362
7279
7524
7921
7394
7912
7044
7899
7336
6958
6961
6364
7182
6798
6346
6603
7198
6221
5919
5863
5472
5162
5439
5991
5280
5372
6636
6296
6174
5519
5459
5061
5098
